IMG_0002.ppm 131 138 141
IMG_0003.ppm 136 140 142
IMG_0004.ppm 159 162 161
IMG_0005.ppm 126 127 121
IMG_0006.ppm 97 99 97
IMG_0007.ppm 154 141 118
IMG_0015.ppm 130 137 141
IMG_0016.ppm 141 149 156
IMG_0017.ppm 140 148 154
IMG_0018.ppm 135 143 149
IMG_0019.ppm 132 142 146
IMG_0020.ppm 127 136 140
IMG_0021.ppm 131 139 143
IMG_0022.ppm 143 152 157
IMG_0023.ppm 161 173 181
IMG_0024.ppm 93 119 134
IMG_0031.ppm 86 117 138
IMG_0042.ppm 120 126 104
IMG_0043.ppm 111 116 100
IMG_0044.ppm 120 126 112
IMG_0046.ppm 123 129 104
IMG_0047.ppm 116 119 116
IMG_0048.ppm 110 113 107
IMG_0049.ppm 105 107 99
IMG_0050.ppm 107 109 101
IMG_0051.ppm 111 113 105
IMG_0053.ppm 127 127 120
IMG_0054.ppm 124 121 115
IMG_0055.ppm 133 130 122
IMG_0065.ppm 104 110 98
IMG_0066.ppm 103 107 100
IMG_0067.ppm 118 125 112
IMG_0068.ppm 116 125 112
IMG_0069.ppm 116 123 106
IMG_0072.ppm 112 145 167
IMG_0073.ppm 125 143 140
IMG_0074.ppm 69 76 71
IMG_0077.ppm 78 122 155
IMG_0080.ppm 85 120 142
IMG_0082.ppm 104 110 89
IMG_0083.ppm 112 119 93
IMG_0084.ppm 93 111 92
IMG_0085.ppm 94 116 113
IMG_0086.ppm 93 108 106
IMG_0087.ppm 88 102 87
IMG_0088.ppm 95 100 95
IMG_0089.ppm 100 106 102
IMG_0090.ppm 89 95 93
IMG_0091.ppm 92 93 86
IMG_0092.ppm 34 36 34
IMG_0093.ppm 43 44 41
IMG_0096.ppm 106 138 135
IMG_0097.ppm 117 139 122
IMG_0126.ppm 117 138 106
IMG_0127.ppm 124 133 112
IMG_0128.ppm 117 126 113
IMG_0129.ppm 116 128 121
IMG_0130.ppm 126 131 123
IMG_0131.ppm 162 163 146
IMG_0132.ppm 122 124 113
IMG_0134.ppm 107 126 87
IMG_0136.ppm 103 120 88
IMG_0139.ppm 80 89 61
IMG_0140.ppm 85 94 66
IMG_0141.ppm 107 126 88
IMG_0142.ppm 104 125 95
IMG_0148.ppm 92 110 116
IMG_0149.ppm 115 135 142
IMG_0150.ppm 102 118 124
IMG_0157.ppm 105 127 137
IMG_0158.ppm 100 130 155
IMG_0160.ppm 114 134 142
IMG_0162.ppm 120 136 146
IMG_0163.ppm 112 132 146
IMG_0164.ppm 123 141 154
IMG_0178.ppm 107 128 134
IMG_0183.ppm 109 114 112
IMG_0184.ppm 107 132 137
IMG_0185.ppm 112 136 136
IMG_0186.ppm 114 134 137
IMG_0187.ppm 110 135 139
IMG_0189.ppm 85 116 121
IMG_0190.ppm 137 163 168
IMG_0191.ppm 135 165 171
IMG_0193.ppm 112 137 134
IMG_0195.ppm 98 110 110
IMG_0196.ppm 85 96 95
IMG_0197.ppm 128 142 91
IMG_0198.ppm 128 144 95
IMG_0199.ppm 120 136 90
IMG_0200.ppm 117 129 104
IMG_0201.ppm 127 138 118
IMG_0202.ppm 121 125 109
IMG_0203.ppm 120 126 112
IMG_0204.ppm 116 123 107
IMG_0205.ppm 114 124 98
IMG_0206.ppm 110 128 86
IMG_0207.ppm 120 138 90
IMG_0208.ppm 97 103 101
IMG_0209.ppm 103 115 91
IMG_0210.ppm 101 105 99
IMG_0211.ppm 100 105 99
IMG_0212.ppm 103 107 99
IMG_0213.ppm 106 107 91
IMG_0214.ppm 97 100 89
IMG_0215.ppm 94 95 74
IMG_0216.ppm 91 93 76
IMG_0217.ppm 48 49 43
IMG_0218.ppm 120 126 125
IMG_0219.ppm 118 128 129
IMG_0220.ppm 111 120 118
IMG_0224.ppm 114 121 111
IMG_0225.ppm 117 124 114
IMG_0226.ppm 75 81 76
IMG_0227.ppm 143 149 137
IMG_0228.ppm 60 66 62
IMG_0229.ppm 170 176 163
IMG_0230.ppm 51 56 53
IMG_0231.ppm 194 200 187
IMG_0232.ppm 44 49 47
IMG_0233.ppm 216 221 211
IMG_0234.ppm 40 45 42
IMG_0235.ppm 233 237 232
IMG_0236.ppm 37 41 39
IMG_0237.ppm 112 121 125
IMG_0238.ppm 117 127 133
IMG_0239.ppm 105 113 115
IMG_0240.ppm 110 117 120
IMG_0241.ppm 115 129 135
IMG_0242.ppm 120 132 134
IMG_0243.ppm 116 126 128
IMG_0244.ppm 112 117 118
IMG_0246.ppm 104 109 78
IMG_0247.ppm 108 109 107
IMG_0248.ppm 125 127 125
IMG_0249.ppm 120 121 119
IMG_0250.ppm 132 133 131
IMG_0251.ppm 147 152 152
IMG_0252.ppm 155 159 159
IMG_0253.ppm 94 98 96
IMG_0255.ppm 86 93 92
IMG_0257.ppm 111 120 111
IMG_0258.ppm 105 115 111
IMG_0259.ppm 125 131 113
IMG_0262.ppm 133 131 110
IMG_0264.ppm 100 97 95
IMG_0265.ppm 97 99 101
IMG_0266.ppm 127 128 128
IMG_0267.ppm 125 125 125
IMG_0268.ppm 111 118 113
IMG_0269.ppm 103 113 100
IMG_0270.ppm 78 117 134
IMG_0271.ppm 87 127 145
IMG_0274.ppm 28 34 25
IMG_0275.ppm 77 87 74
IMG_0277.ppm 77 82 68
IMG_0280.ppm 83 88 76
IMG_0285.ppm 69 73 55
IMG_0287.ppm 42 51 37
IMG_0289.ppm 101 117 94
IMG_0290.ppm 98 114 90
IMG_0291.ppm 98 111 93
IMG_0292.ppm 95 105 81
IMG_0293.ppm 61 52 37
IMG_0294.ppm 61 50 37
IMG_0295.ppm 96 87 64
IMG_0296.ppm 58 46 31
IMG_0297.ppm 65 51 35
IMG_0299.ppm 77 82 73
IMG_0300.ppm 79 82 70
IMG_0301.ppm 84 99 92
IMG_0302.ppm 58 74 80
IMG_0303.ppm 64 78 67
IMG_0304.ppm 69 83 70
IMG_0305.ppm 119 113 99
IMG_0309.ppm 54 122 138
IMG_0310.ppm 27 70 80
IMG_0311.ppm 29 86 96
IMG_0312.ppm 31 82 95
IMG_0313.ppm 32 83 96
IMG_0314.ppm 32 80 90
IMG_0315.ppm 30 78 89
IMG_0316.ppm 26 66 75
IMG_0320.ppm 29 80 91
IMG_0321.ppm 24 75 83
IMG_0323.ppm 19 45 47
IMG_0324.ppm 112 114 110
IMG_0325.ppm 115 117 114
IMG_0326.ppm 115 117 114
IMG_0327.ppm 114 117 116
IMG_0328.ppm 135 135 133
IMG_0329.ppm 132 133 131
IMG_0330.ppm 118 122 121
IMG_0331.ppm 119 123 123
IMG_0332.ppm 43 68 75
IMG_0333.ppm 42 66 72
IMG_0334.ppm 28 32 31
IMG_0335.ppm 26 30 29
IMG_0336.ppm 42 53 38
IMG_0337.ppm 32 38 26
IMG_0340.ppm 66 71 51
IMG_0341.ppm 66 70 50
IMG_0342.ppm 123 127 92
IMG_0343.ppm 41 44 31
IMG_0344.ppm 141 145 146
IMG_0345.ppm 130 135 137
IMG_0346.ppm 118 121 121
IMG_0347.ppm 109 116 119
IMG_0348.ppm 110 110 109
IMG_0349.ppm 114 114 112
IMG_0350.ppm 117 126 131
IMG_0351.ppm 113 121 123
IMG_0352.ppm 126 131 130
IMG_0354.ppm 110 114 111
IMG_0355.ppm 110 115 110
IMG_0357.ppm 115 120 116
IMG_0359.ppm 115 123 123
IMG_0360.ppm 120 127 123
IMG_0361.ppm 129 133 133
IMG_0362.ppm 115 129 132
IMG_0364.ppm 114 126 82
IMG_0365.ppm 116 122 104
IMG_0366.ppm 110 118 98
IMG_0371.ppm 157 158 157
IMG_0372.ppm 119 124 126
IMG_0373.ppm 109 116 116
IMG_0374.ppm 120 128 130
IMG_0375.ppm 116 125 128
IMG_0376.ppm 109 126 128
IMG_0385.ppm 120 138 150
IMG_0386.ppm 129 147 159
IMG_0395.ppm 112 124 122
IMG_0396.ppm 114 126 122
IMG_0400.ppm 40 40 34
IMG_0401.ppm 120 118 105
IMG_0402.ppm 131 143 149
IMG_0403.ppm 129 141 148
IMG_0404.ppm 102 116 116
IMG_0405.ppm 101 114 115
IMG_0407.ppm 112 135 152
IMG_0408.ppm 108 131 149
IMG_0409.ppm 126 139 114
IMG_0410.ppm 124 137 112
IMG_0411.ppm 96 104 91
IMG_0412.ppm 108 117 102
IMG_0413.ppm 117 125 108
IMG_0415.ppm 100 111 115
IMG_0416.ppm 98 101 98
IMG_0420.ppm 95 107 110
IMG_0421.ppm 72 81 79
IMG_0422.ppm 98 110 105
IMG_0423.ppm 121 132 124
IMG_0424.ppm 108 120 113
IMG_0425.ppm 126 137 128
IMG_0426.ppm 48 54 49
IMG_0427.ppm 76 85 84
IMG_0428.ppm 124 133 113
IMG_0429.ppm 124 133 113
IMG_0430.ppm 124 139 120
IMG_0431.ppm 82 94 78
IMG_0432.ppm 87 82 80
IMG_0434.ppm 143 160 172
IMG_0435.ppm 95 122 141
IMG_0436.ppm 108 138 161
IMG_0437.ppm 107 137 160
IMG_0438.ppm 125 145 142
IMG_0439.ppm 128 144 155
IMG_0440.ppm 111 126 132
IMG_0441.ppm 99 133 158
IMG_0442.ppm 123 151 173
IMG_0443.ppm 122 151 173
IMG_0444.ppm 107 138 163
IMG_0449.ppm 99 118 131
IMG_0450.ppm 95 115 127
IMG_0451.ppm 100 114 115
IMG_0456.ppm 92 104 107
IMG_0457.ppm 113 132 132
IMG_0458.ppm 96 107 103
IMG_0459.ppm 115 120 120
IMG_0460.ppm 111 118 115
IMG_0461.ppm 98 103 104
IMG_0462.ppm 104 111 113
IMG_0463.ppm 132 141 146
IMG_0464.ppm 145 154 159
IMG_0465.ppm 133 142 148
IMG_0466.ppm 116 121 120
IMG_0467.ppm 98 105 105
IMG_0468.ppm 106 113 112
IMG_0469.ppm 115 123 121
IMG_0470.ppm 136 144 139
IMG_0471.ppm 82 88 84
IMG_0472.ppm 113 119 113
IMG_0473.ppm 118 133 119
IMG_0474.ppm 113 127 110
IMG_0475.ppm 111 114 112
IMG_0476.ppm 83 86 83
IMG_0477.ppm 103 107 102
IMG_0478.ppm 110 109 106
IMG_0479.ppm 91 96 95
IMG_0480.ppm 106 112 111
IMG_0484.ppm 112 121 124
IMG_0485.ppm 102 112 114
IMG_0486.ppm 119 128 129
IMG_0487.ppm 97 103 103
IMG_0488.ppm 105 112 111
IMG_0489.ppm 87 73 69
IMG_0490.ppm 106 110 99
IMG_0491.ppm 106 112 103
IMG_0492.ppm 123 136 122
IMG_0493.ppm 108 115 106
IMG_0494.ppm 112 116 105
IMG_0495.ppm 112 115 104
IMG_0496.ppm 106 110 99
IMG_0499.ppm 112 121 120
IMG_0500.ppm 102 111 111
IMG_0502.ppm 126 134 136
IMG_0503.ppm 128 133 127
IMG_0513.ppm 110 115 112
IMG_0515.ppm 111 116 102
IMG_0516.ppm 101 120 132
IMG_0517.ppm 103 118 123
IMG_0518.ppm 117 124 121
IMG_0519.ppm 107 114 110
IMG_0536.ppm 120 127 113
IMG_0537.ppm 128 135 121
IMG_0541.ppm 114 99 83
IMG_0542.ppm 92 100 81
IMG_0543.ppm 123 124 98
IMG_0544.ppm 102 107 84
IMG_0545.ppm 99 103 85
IMG_0546.ppm 116 119 97
IMG_0547.ppm 109 116 94
IMG_0548.ppm 120 126 108
IMG_0549.ppm 116 124 104
IMG_0550.ppm 109 116 95
IMG_0551.ppm 96 101 85
IMG_0552.ppm 97 106 85
IMG_0553.ppm 122 121 104
IMG_0554.ppm 90 100 96
IMG_0555.ppm 91 101 96
IMG_0556.ppm 90 103 103
IMG_0557.ppm 93 109 119
IMG_0558.ppm 107 115 113
IMG_0559.ppm 116 139 158
IMG_0561.ppm 121 131 103
IMG_0562.ppm 93 101 92
IMG_0563.ppm 91 99 90
IMG_0564.ppm 130 135 134
IMG_0573.ppm 125 128 125
IMG_0574.ppm 121 123 119
IMG_0575.ppm 121 125 123
IMG_0576.ppm 120 123 119
IMG_0577.ppm 130 132 128
IMG_0578.ppm 119 120 115
IMG_0584.ppm 119 123 123
IMG_0585.ppm 153 160 160
IMG_0586.ppm 122 127 128
IMG_0587.ppm 117 122 122
IMG_0588.ppm 138 149 154
IMG_0589.ppm 140 151 157
IMG_0590.ppm 143 155 160
IMG_0591.ppm 123 136 140
IMG_0593.ppm 126 127 121
IMG_0594.ppm 130 121 114
IMG_0595.ppm 132 122 113
IMG_0611.ppm 95 106 82
IMG_0612.ppm 89 96 78
IMG_0613.ppm 88 95 78
IMG_0614.ppm 141 136 108
IMG_0615.ppm 78 95 86
IMG_0616.ppm 74 87 72
IMG_0617.ppm 89 106 69
IMG_0618.ppm 58 71 47
IMG_0619.ppm 114 138 84
IMG_0620.ppm 115 135 84
IMG_0623.ppm 109 136 100
IMG_0624.ppm 106 113 95
IMG_0625.ppm 120 134 113
IMG_0626.ppm 124 130 121
IMG_0627.ppm 105 112 105
IMG_0628.ppm 106 118 105
IMG_0632.ppm 104 115 110
IMG_0633.ppm 133 146 139
IMG_0634.ppm 86 97 94
IMG_0635.ppm 159 172 166
IMG_0636.ppm 65 75 74
IMG_0637.ppm 183 196 191
IMG_0638.ppm 106 117 112
IMG_0639.ppm 135 147 140
IMG_0640.ppm 87 98 95
IMG_0641.ppm 161 173 167
IMG_0642.ppm 67 76 75
IMG_0643.ppm 185 198 193
IMG_0644.ppm 51 58 58
IMG_0645.ppm 209 221 217
IMG_0646.ppm 37 43 43
IMG_0647.ppm 230 240 236
IMG_0650.ppm 74 74 69
IMG_0651.ppm 83 84 78
IMG_0652.ppm 48 48 45
IMG_0653.ppm 79 79 74
IMG_0654.ppm 72 72 68
IMG_0656.ppm 39 39 36
IMG_0657.ppm 94 97 95
IMG_0658.ppm 89 91 90
IMG_0663.ppm 98 110 85
IMG_0664.ppm 107 125 108
IMG_0665.ppm 90 100 104
IMG_0666.ppm 111 114 113
IMG_0667.ppm 76 53 34
IMG_0668.ppm 133 86 54
IMG_0669.ppm 116 75 46
IMG_0670.ppm 99 68 42
IMG_0671.ppm 89 63 41
IMG_0672.ppm 108 77 52
IMG_0673.ppm 98 69 44
IMG_0674.ppm 105 73 47
IMG_0675.ppm 100 73 50
IMG_0678.ppm 89 51 32
IMG_0679.ppm 86 50 31
IMG_0680.ppm 127 88 52
IMG_0681.ppm 85 67 48
IMG_0682.ppm 131 94 62
IMG_0683.ppm 93 66 48
IMG_0684.ppm 97 68 46
IMG_0685.ppm 91 64 44
IMG_0686.ppm 107 101 94
IMG_0687.ppm 105 90 75
IMG_0688.ppm 138 114 87
IMG_0689.ppm 101 91 75
IMG_0690.ppm 91 90 86
IMG_0691.ppm 142 99 30
IMG_0693.ppm 133 157 174
IMG_0694.ppm 126 150 166
IMG_0695.ppm 113 147 172
IMG_0696.ppm 128 155 173
IMG_0697.ppm 111 146 170
IMG_0700.ppm 97 120 129
IMG_0701.ppm 104 118 117
IMG_0703.ppm 91 121 144
IMG_0704.ppm 93 89 79
IMG_0705.ppm 84 117 144
IMG_0706.ppm 90 125 160
IMG_0707.ppm 93 134 173
IMG_0708.ppm 84 136 185
IMG_0709.ppm 112 130 140
IMG_0710.ppm 111 135 152
IMG_0711.ppm 86 103 105
IMG_0712.ppm 129 123 119
IMG_0713.ppm 122 120 116
IMG_0714.ppm 105 117 128
IMG_0715.ppm 120 114 108
IMG_0716.ppm 84 105 119
IMG_0717.ppm 116 135 149
IMG_0719.ppm 103 117 127
IMG_0720.ppm 123 161 189
IMG_0727.ppm 113 125 130
IMG_0728.ppm 117 130 136
IMG_0729.ppm 118 124 121
IMG_0730.ppm 144 131 114
IMG_0731.ppm 131 147 159
IMG_0735.ppm 135 138 133
IMG_0736.ppm 133 138 130
IMG_0737.ppm 130 135 127
IMG_0738.ppm 129 135 126
IMG_0739.ppm 134 137 132
IMG_0740.ppm 137 139 134
IMG_0741.ppm 132 134 129
IMG_0742.ppm 143 143 141
IMG_0743.ppm 141 142 140
IMG_0744.ppm 140 140 138
IMG_0745.ppm 141 142 139
IMG_0746.ppm 132 131 129
IMG_0747.ppm 132 132 129
IMG_0748.ppm 118 124 116
IMG_0749.ppm 114 120 113
IMG_0750.ppm 127 130 125
IMG_0751.ppm 119 122 119
IMG_0752.ppm 134 136 131
IMG_0753.ppm 130 130 126
IMG_0754.ppm 123 125 119
IMG_0755.ppm 122 126 118
IMG_0756.ppm 122 128 115
IMG_0757.ppm 125 124 113
IMG_0758.ppm 130 129 119
IMG_0759.ppm 129 134 129
IMG_0760.ppm 141 142 141
IMG_0761.ppm 120 123 119
IMG_0762.ppm 128 132 126
IMG_0763.ppm 126 130 124
IMG_0764.ppm 128 132 126
IMG_0765.ppm 127 131 125
IMG_0766.ppm 136 139 134
IMG_0767.ppm 131 132 127
IMG_0768.ppm 97 99 92
IMG_0769.ppm 90 95 87
STA_0032.ppm 113 134 145
STB_0033.ppm 105 134 157
STB_0057.ppm 97 97 91
STC_0058.ppm 95 94 88
